记录 89 条, 去重 254 格 1245 个
----------------------------------------------------------------------
[PASS] W2 267.70~272.43s 人离场静止 [主判据]: (-6°,2.63m←实际 -4.4°/2.61m); (-3°,2.69m←实际 -4.4°/2.61m); (-2°,2.94m←实际 -2.0°/2.8m)
[PASS] W1 263.25~263.65s 人进场前   [辅证]: (-3°,2.06m←实际 -1.3°/2.25m); (-8°,2.01m←实际 -8.5°/2.02m); (-3°,2.33m←实际 -1.3°/2.25m)
----------------------------------------------------------------------
右前扇区(az∈[-20,5]°,dist 1.0~3.1m)内全部 254 格 [dist,az,x,y]:
   (2.04, -11.3, 2.0, -0.4)
   (2.02, -8.5, 2.0, -0.30000000000000004)
   (2.01, -5.7, 2.0, -0.2)
   (2.01, -4.3, 2.0, -0.15000000000000002)
   (2.0, -2.9, 2.0, -0.1)
   (2.14, -10.8, 2.1, -0.4)
   (2.1, -2.7, 2.1, -0.1)
   (2.15, -2.7, 2.15, -0.1)
   (2.2, -2.6, 2.2, -0.1)
   (2.25, -2.5, 2.25, -0.1)
   (2.25, -1.3, 2.25, -0.05)
   (2.3, -2.5, 2.3000000000000003, -0.1)
   (2.3, -1.2, 2.3000000000000003, -0.05)
   (2.4, -2.4, 2.4000000000000004, -0.1)
   (2.4, -1.2, 2.4000000000000004, -0.05)
   (2.66, -19.8, 2.5, -0.9)
   (2.75, -19.1, 2.6, -0.9)
   (2.63, -8.7, 2.6, -0.4)
   (2.62, -6.6, 2.6, -0.30000000000000004)
   (2.61, -4.4, 2.6, -0.2)
   (2.6, -3.3, 2.6, -0.15000000000000002)
   (2.6, -2.2, 2.6, -0.1)
   (2.8, -18.8, 2.6500000000000004, -0.9)
   (2.68, -8.6, 2.6500000000000004, -0.4)
   (2.67, -6.5, 2.6500000000000004, -0.30000000000000004)
   (2.65, -2.2, 2.6500000000000004, -0.1)
   (2.85, -18.4, 2.7, -0.9)
   (2.73, -8.4, 2.7, -0.4)
   (2.7, -2.1, 2.7, -0.1)
   (2.93, -20.0, 2.75, -1.0)
   (2.89, -18.1, 2.75, -0.9)
   (2.75, -2.1, 2.75, -0.1)
   (2.97, -19.7, 2.8000000000000003, -1.0)
   (2.94, -17.8, 2.8000000000000003, -0.9)
   (2.8, -2.0, 2.8000000000000003, -0.1)
   (2.9, -2.0, 2.9000000000000004, -0.1)
   (3.0, -1.9, 3.0, -0.1)
   (3.0, -1.0, 3.0, -0.05)

汇总: PASS — 低带源把矮物 mark 入 local costmap
